tracking_id	KD	KD	KD	NC	NC
CXCL8	11.2847	8.44022	5.54635	0.0	0.0650282
GDF15	762.743	547.97	397.99	16.0351	20.5789
TWIST1	20.7206	16.2565	14.3412	1.21384	2.13641
SOX14	9.58591	7.417610000000002	5.9371800000000015	0.591019	0.797894
SNORA70	1286.45	837.737	759.1	91.0214	75.0944
KRT17	5.38929	4.58539	6.3017	0.215891	0.427473
NPPB	28.3482	28.8189	48.6751	2.594	4.74113
BNC1	2.80826	1.71028	1.35244	0.0671034	0.243591
RRAD	8.080969999999999	5.30539	3.17363	0.546303	0.15443800000000002
SFTA1P	21.756	26.3305	42.2381	2.62051	4.7896
LOC101927797	121.829	86.165	72.2435	14.2044	15.3411
PTPRE	2.43535	1.35643	1.8154	0.190649	0.226532
IL24	2.81829	2.2152	1.33545	0.0	0.0688827
UPP1	306.9120000000001	285.788	176.12	29.1083	40.4468
IL1A	2.75047	2.99816	2.2639400000000003	0.108585	0.465841
PRDM1	3.24245	2.00357	2.00222	0.260747	0.399238
ANXA1	168.725	157.179	150.33700000000005	14.1077	28.4239
ARC	18.3216	13.7368	10.0011	1.54504	2.09879
GPR87	2.6422	2.78667	3.28262	0.0749732	0.14845
PLK2	46.1849	40.2127	32.0809	7.486339999999998	9.19044
AADACL3	2.73981	3.5126	2.35284	0.256429	0.660065
WNT7A	4.81776	4.715	5.1049	0.326461	0.96961
LOC101927931	9.11043	7.63912	14.9978	0.359668	0.712158
EPHA2	89.1787	67.9758	59.6205	13.2948	15.4467
OVGP1	3.4631199999999995	3.18528	2.77378	0.387021	0.574739
PVRL4	3.78632	2.19064	2.68024	0.41854	0.5623520000000001
DCAF4L1	1.52135	1.19194	0.697535	0.0647531	0.170952
GADD45A	109.447	82.3694	74.1721	15.6769	20.7552
ISL2	3.13342	4.07244	3.80425	0.556665	0.612345
SLC16A14	3.39169	2.5714900000000003	2.03413	0.4466729999999999	0.605137
TMEM40	1.74288	1.81009	1.44053	0.180234	0.0
C2orf54	1.72872	1.1931200000000002	1.34504	0.0	0.168222
VGF	271.897	198.443	154.239	39.7484	44.5045
AMOTL2	58.0705	47.8507	36.532	10.5729	11.6867
SFN	34.4979	30.25	28.3071	6.03417	9.31236
ADAMTS5	0.700272	0.7638149999999999	0.6954600000000001	0.114662	0.154797
FOSL1	45.4638	34.328	32.0129	10.9096	8.60062
PPP1R15A	49.2832	35.9904	36.6033	10.8141	11.0198
SNORD26	2901.56	4196.87	2288.79	439.108	0.0
IP6K3	1.61348	0.919528	1.8446	0.158378	0.195999
SERPINE1	272.297	234.413	139.959	12.2502	31.7419
GRIA1	1.94538	2.06521	1.37652	0.309296	0.501339
CXCL1	12.4888	10.3792	4.0469800000000005	1.83886	1.41599
C7orf57	1.51902	1.27154	1.67763	0.11495	0.113803
TRPC6	1.5273	1.25896	1.16589	0.223678	0.28788
SNHG12	67.9772	54.3958	42.0648	11.6078	17.5116
PLAU	119.055	87.7786	59.8713	16.1525	21.2222
FXYD3	3.2267900000000003	1.56109	1.07144	0.0	0.0
PHLDA2	40.6372	25.4413	40.3321	8.811689999999997	10.3595
SNORA4	473.038	182.456	238.80900000000003	14.3174	14.1746
SNORD99	1868.58	1310.42	1125.57	0.0	152.705
OTP	1.36058	0.761795	0.664721	0.0398524	0.0394547
PRPF3	68.5432	57.659	46.5908	17.1089	17.2838
ODC1	151.411	139.572	124.8	35.5692	48.8662
NKX2-5	27.391	21.3637	19.3479	5.77674	7.2797800000000015
MAFF	20.9394	15.647	15.0839	4.54626	5.59055
LINC00260	2.63581	2.05287	2.68692	0.0920516	0.455666
SNORA8	253.258	287.308	126.915	40.5813	40.1764
PLAT	13.8109	11.515999999999998	12.5213	2.98876	4.6028
SLFN12	3.64083	3.80744	2.64355	0.6931069999999999	0.992926
SNORA64	963.462	746.554	455.995	109.354	15.4661
SNORD65	4523.89	4362.28	802.914	256.733	762.515
SNORA78	489.992	369.773	120.995	19.3442	0.0
SNORA18	511.289	528.241	276.557	33.1611	131.321
ZFP57	3.38906	3.5193800000000004	2.09754	0.4142520000000001	0.996003
CYR61	167.94099999999997	153.97299999999996	148.342	47.6686	54.342
BANCR	5.99251	3.33372	2.83619	0.209279	0.0
PCGF1	24.1261	22.6678	15.8104	5.19583	6.812310000000001
SNORA63	217.193	144.993	189.775	0.0	15.0189
ZNF674-AS1	7.1494100000000005	5.60139	5.23421	1.97795	1.35569
SSFA2	6.3272900000000005	6.01406	5.45425	1.76625	1.91934
S100A6	66.4035	65.5612	58.3509	17.6975	22.4105
FOSL2	7.36902	6.35926	5.67256	1.9006	2.11362
GREM1	7.73902	8.916319999999997	5.0716800000000015	0.526319	1.38984
CTB-118N6.3	113.55	112.375	107.388	75.71300000000002	82.3766
PEAR1	2.37576	2.15614	2.33703	0.613326	0.711897
CPEB2	2.6150900000000004	1.96316	2.08381	0.676254	0.645829
THBS1	17.7479	14.8646	12.1812	4.67749	5.19001
CLK1	17.1994	12.6635	12.4412	3.4436	5.87015
PLK3	18.954	14.8257	12.12	5.126519999999998	4.93942
IL6	1.88342	1.49565	2.5169	0.100598	0.199189
IFFO2	18.5896	16.2148	15.6251	4.65762	6.60469
RGAG4	2.2063900000000003	1.39305	2.75983	0.5008560000000001	0.637532
SNORD25	1941.85	1404.36	919.055	440.804	872.812
PDGFB	25.9288	22.4275	16.2905	5.46013	6.4806300000000014
TIMP3	5.8178800000000015	5.03517	4.08652	1.36267	1.84805
LY6K	2.392	1.82281	1.53397	0.168728	0.463504
SNORD104	6285.21	5405.48	4180.68	1233.95	1221.64
TNFRSF10A	10.8861	7.65278	7.11342	3.18859	2.33602
LOC100129617	2.33983	1.5854700000000002	1.1972	0.114842	0.397938
CLDN20	3.67316	1.56262	1.73846	0.0980959	0.485586
TNFRSF12A	248.743	188.396	206.658	75.1282	78.9756
ARHGDIB	4.93519	4.44854	6.29642	1.07159	1.54313
DUSP4	3.11503	2.78345	2.10067	1.03295	0.612678
SLC6A20	1.93108	1.47331	1.16504	0.462439	0.381519
MT1E	51.3939	49.2115	35.0404	12.4008	15.5079
DUSP2	5.13203	3.81757	2.63713	0.998558	0.922688
PDCL3P4	2.78741	2.95662	6.3324	0.759299	0.501149
EMP1	1.67052	2.33572	1.42315	0.265448	0.563142
MDM2	61.5793	54.5057	37.7002	15.8795	16.3217
CREB5	2.26162	1.92969	2.11873	0.644346	0.73865
SNORA61	640.323	636.16	220.405	105.713	104.658
CLCF1	2.78925	1.54852	1.88241	0.361142	0.485465
EMP3	63.9229	48.9096	53.6022	16.7188	21.705
SNORD28	2417.97	699.4780000000002	228.879	0.0	434.727
SNORA67	551.877	243.275	313.437	85.9046	42.5237
NUAK2	40.0103	30.3605	20.0295	8.666089999999999	7.9995
FBXW4P1	1.87303	2.2189400000000004	1.06378	0.340145	0.336751
UTP14A	44.2452	37.4406	35.4241	13.8954	14.2523
SERPINB4	2.00675	1.93506	0.8819299999999999	0.130153	0.257709
CAV1	34.4766	38.0058	36.1188	10.3446	15.4975
FAM198B	0.591404	0.319324	0.649383	0.0859012	0.0425103
PRSS23	7.329510000000001	8.90005	10.1357	2.6840200000000003	3.38933
GPR3	14.3259	8.77091	10.9776	2.94231	4.54829
CDKN1A	212.953	165.546	95.0173	43.7491	40.1407
DUSP5	24.7629	21.5355	21.6709	7.8061	8.48423
CDC42EP3	11.4568	9.30699	7.3498	3.21151	3.30479
SLC52A1	3.84051	2.6993	2.55678	1.04162	0.807038
CYP26B1	0.579612	0.53362	0.597727	0.0955586	0.0897184
SNORA45A	232.845	149.685	165.304	52.8563	34.8859
CHST3	10.2507	8.27582	7.106510000000001	2.9278	3.21584
NOL8	11.6263	10.375	8.68104	3.57337	3.72789
SNORD32A	1493.7	2304.55	1131.12	949.407	268.553
LOC644961	6.43161	4.5765400000000005	3.02301	1.8124	1.07659
SNORD74	1227.76	3255.72	0.0	0.0	0.0
SLC30A1	14.7249	10.9666	10.9919	4.02197	4.62755
SCG2	1.19221	1.14962	1.17193	0.333089	0.0824415
SNORD52	2015.37	2591.17	0.0	0.0	0.0
NGF	3.8546	2.60183	3.52705	0.233334	0.924025
SLC34A2	1.21002	0.716579	1.22454	0.22488200000000005	0.296869
PIK3AP1	1.17849	1.00003	0.758563	0.321025	0.190693
RFPL4B	1.28043	0.555611	1.09082	0.0	0.0575521
CRIM1	17.5723	16.3055	13.592	5.96292	5.9214699999999985
BTG2	25.2943	19.8383	16.1943	8.02287	7.164110000000001
SNORA10	1453.21	1213.32	436.158	80.4591	143.381
KRT80	0.920939	0.4869770000000001	0.787375	0.13485	0.13350499999999998
YRDC	31.4696	26.5603	23.4906	9.60545	11.3039
ZNF750	1.09057	0.736129	0.584975	0.13203299999999998	0.130716
FOXD1	52.0815	43.1698	21.4626	7.16523	10.4987
SNORA25	182.603	176.08	69.1392	0.0	16.4151
SNORD80	5346.55	5155.56	3163.07	910.26	1201.57
PCDHB13	1.15201	0.729991	0.965839	0.17932	0.236708
SNORA24	282.307	217.778	195.966	51.2676	33.8374
RHOB	99.7473	72.9005	68.8062	23.3836	32.0855
ZNF35	9.05971	5.86688	4.79231	2.17755	2.35544
ARSJ	3.56776	3.13607	3.23932	1.05782	1.3309
SNHG3	86.5359	75.9402	62.8181	26.8331	31.7567
DKFZP434I0714	1.66993	2.05965	1.37271	0.29824	0.7359289999999999
SNORA45B	263.487	254.075	195.966	34.1784	33.8374
GJB5	3.20729	1.54636	2.94665	0.770889	0.254399
PTBP2	16.5094	14.803	13.9676	5.43751	6.2160199999999985
CD97	3.28804	2.26183	3.66192	1.1953	0.876868
SNORD29	3598.65	2313.4	1703.2	544.601	0.0
MSX2	2.76331	1.3584200000000002	1.07705	0.541181	0.19483
LIM2	2.8220400000000003	1.2805799999999998	6.4425	0.602921	0.298449
SNORD12	471.703	363.882	267.902	171.324	84.8075
ZNF502	5.18041	3.63529	4.29488	1.46163	1.80918
RGL1	1.72535	1.77037	1.40286	0.441871	0.676078
LIF	13.0869	10.7661	8.07585	3.98096	4.25491
IL11	11.5375	8.13936	8.88821	3.1746	4.0858
CER1	22.0185	17.4667	26.6945	6.5002	10.1405
CXCL5	18.3982	13.9361	11.1152	5.82759	5.17114
RRN3	20.0187	16.5839	12.6812	5.7899699999999985	7.02745
ZNF263	29.8863	26.2699	20.917	10.7204	10.1382
CWC22	22.8116	16.3103	18.1501	6.573060000000001	8.69779
GCNT4	2.38537	2.75372	1.90812	0.427087	1.11747
GATA3	2.00801	1.53441	2.0459	0.413038	0.749681
SNORD17	39.2694	27.3481	20.6508	5.94284	3.92236
CTGF	294.274	272.357	208.206	85.5955	111.893
HBEGF	4.48646	3.45123	4.10363	1.23586	1.67668
GPR56	1.78319	1.72197	2.26262	0.615942	0.730308
C7orf13	9.16569	7.884139999999999	6.99998	2.60079	3.55796
TAF1D	44.9211	42.4652	29.0593	14.6946	16.9286
SCARNA12	40.8969	47.8866	33.1818	21.2199	2.62602
EDN1	3.49339	5.02935	2.76467	1.0412	1.54651
KDM4E	1.11888	0.588498	0.673977	0.0923596	0.137157
CDH6	0.519124	0.375435	0.601954	0.153195	0.14
ATF3	16.8995	14.3879	13.1077	5.75897	6.674239999999998
S100A16	41.8453	34.8978	40.2046	15.9743	15.0241
SNORA26	250.601	217.484	142.328	0.0	67.5833
PRNP	27.3987	22.0855	24.5694	10.2986	10.0118
PEA15	132.025	113.117	109.271	47.0553	52.4037
FGF1	1.94327	1.65998	2.03592	0.465741	0.7109270000000001
SNORD5	848.2289999999998	1090.57	1070.55	256.733	508.343
RP1L1	0.321307	0.255946	0.238024	0.0634238	0.0376746
ZBTB49	3.52829	3.28757	3.11464	1.29589	1.1404
ERRFI1	41.7261	37.3718	28.6739	14.7978	15.5178
SERTAD1	24.8635	15.809	14.5939	7.2953899999999985	7.02739
SRRM5	8.31443	6.87208	5.85584	2.96591	3.78162
KCNF1	6.770110000000002	4.51957	4.28872	2.03335	1.8258
SERPINB3	1.58763	0.998421	0.261358	0.0626774	0.0
TBC1D9	0.493389	0.455941	0.50595	0.149334	0.0924025
PCDHB8	1.34268	1.33648	1.51693	0.471934	0.350419
HIST1H2BK	22.3969	17.3105	20.5531	8.38303	7.53092
SNORD27	1534.69	295.974	581.082	278.703	0.0
SNORA71C	260.517	103.44	116.047	41.7445	13.776
ANKRD33B	15.3324	12.4678	9.59299	5.02229	4.89733
LPL	2.14535	2.21648	1.88568	0.556571	0.936729
LRRN4	1.93407	2.09334	1.71866	0.4659180000000001	0.8515729999999999
JADE2	40.0988	31.5644	27.7606	14.7055	14.1731
SIK1	6.9993300000000005	5.6089	4.18086	2.1257900000000003	2.47343
SNORD49A	1670.8	1933.33	2214.15	303.42	0.0
CSRP1	49.2085	57.9306	73.3892	16.4883	27.6335
DNAJC25	8.50036	6.78848	6.63375	3.14299	2.89194
LINC00925	0.625306	0.419457	0.6691050000000001	0.123431	0.17107999999999998
SNORD48	3358.95	3238.97	1271.8	1219.99	603.906
CLEC11A	17.5997	13.1417	16.9158	6.556189999999999	6.49077
ZNF33B	4.90661	3.83966	4.16217	1.93632	1.73039
CACNG4	7.236739999999998	7.9844	8.66622	3.08686	3.75199
TSPYL4	17.1713	16.078	15.9922	7.25605	7.13393
MT2A	243.768	186.88	141.409	52.2426	82.119
FAM71F1	7.102060000000002	7.310289999999998	6.13467	2.28499	3.20052
SEC14L1P1	2.20101	1.59179	1.51916	0.666179	0.53587
MT1M	14.2552	8.42498	7.3997600000000014	2.08773	2.48027
RELT	7.568869999999999	7.63793	5.969530000000002	2.92407	3.58847
WNT3	8.477260000000001	7.60953	6.52388	2.62839	3.84129
DDIT3	12.0558	10.7647	10.4331	6.68573	4.46828
ETV5	24.8204	21.6505	18.0097	9.03003	10.0668
KCNN4	3.51985	1.90276	2.01928	1.1622	0.4314770000000001
PER2	4.79425	4.3329900000000015	3.4329	1.95975	1.7334599999999998
ZNF561	15.3012	14.8995	14.6497	6.59437	6.7987199999999985
PRR5L	3.1049900000000004	2.93493	3.97858	1.07306	1.71735
TNFAIP2	15.0669	11.3646	10.7936	4.36995	6.5141
UTP15	8.83613	8.69174	6.3045800000000005	3.2456	3.75208
CCNL1	34.5941	30.3729	28.2439	13.404000000000002	14.3593
TNFSF9	4.68205	4.01316	5.8388800000000005	2.56431	1.13574
FOSB	1.85434	1.23118	0.920801	0.414045	0.535395
SOCS2	11.2197	7.96869	8.812619999999997	4.2778	4.03598
FOXC2	3.23458	3.11904	2.2963400000000003	0.667508	1.25561
SNHG10	14.3629	11.8515	8.77636	4.12725	5.63434
RUNX1	1.12168	0.712533	0.766333	0.27406	0.387373
SNORA57	284.59	142.701	226.285	103.364	71.6331
DES	4.62164	2.56123	2.61479	1.25413	1.19386
SPP1	337.845	323.379	220.983	121.731	127.231
KLK6	4.51724	3.4509300000000005	2.96854	1.20685	1.48114
CD44	10.8624	9.32589	9.93522	3.5845	4.81926
SNORD35B	999.568	535.479	630.779	0.0	199.68
LINC01311	9.05754	7.71313	8.907689999999997	2.34981	4.33549
MYOCD	1.75351	1.62825	1.15574	0.519003	0.723939
TNFRSF10D	12.0505	10.9919	10.5435	4.84996	5.27002
SLC35G2	4.43425	6.12237	7.0389300000000015	2.12161	2.6986
DDX39A	206.447	162.727	153.21200000000005	77.7798	79.2749
JPH2	1.39851	1.38197	2.22129	0.538078	0.724484
DNER	4.38869	3.48109	3.51769	1.51043	1.62263
ABCC9	2.32688	1.70216	2.20257	0.789275	0.997788
GPRC5A	1.02554	0.5537850000000001	1.12607	0.148991	0.29501
SLC20A1	45.6514	41.5128	38.6452	18.8305	19.9347
MYOF	4.98608	5.6820900000000005	5.35318	2.22771	2.55866
FASTKD3	4.56073	3.90429	3.95846	1.54537	2.0209
RFK	9.84756	8.03168	7.186160000000001	3.86028	3.4317900000000003
LSG1	36.9795	32.301	27.5881	15.0178	14.752
EREG	0.269993	0.35502	0.348503	0.0	0.0882581
RSRP1	33.7528	27.9805	24.3697	12.1966	13.8552
C16orf91	34.5066	25.6994	28.8126	12.3546	15.1316
IL12A	2.97952	1.69005	0.580658	0.557	0.31511
KIAA0247	5.75474	5.28684	4.53612	2.14715	2.46433
ZNF239	6.958760000000002	5.30936	4.68817	2.60672	2.43952
CAPN10-AS1	3.13195	3.3002800000000003	2.23111	1.05545	1.27712
MIR637	486.848	176.046	230.42	55.2579	109.413
LOC101928372	21.8062	18.426	14.6298	8.31816	8.18464
MT1G	138.393	122.556	103.73	41.5455	67.0282
PAG1	0.6285109999999999	0.6954779999999999	0.6924640000000001	0.196468	0.34270500000000004
PARD6B	6.64662	5.15109	4.38077	2.79407	2.01379
LOC645166	6.583010000000002	7.12275	8.335989999999999	2.24301	3.38065
TNC	7.37197	9.06662	8.23909	3.01809	4.59241
SBDSP1	12.6089	11.6947	11.3933	5.4905300000000015	4.8998300000000015
HOXB2	4.81536	2.62124	3.38182	1.05784	1.60583
MMP24	39.1319	31.8001	26.0491	15.7841	12.4588
CSF1	3.17945	2.9390400000000003	3.23037	1.57189	1.40062
HMOX1	23.1885	17.8277	16.9813	7.824619999999999	9.43671
ZNF304	7.3278	6.85228	5.98516	3.09582	3.17984
DUSP6	14.9385	13.2236	9.51393	4.22049	6.08739
CYGB	6.30903	8.37837	6.70538	3.31659	3.383
KLHL18	16.0886	12.689	11.7969	6.5629800000000005	6.19529
RNU86	27442.8	7938.75	7793.01	2491.83	7400.91
SNRNP48	11.6821	8.916830000000003	8.54597	4.89382	4.05799
TWISTNB	15.9875	15.8423	14.1579	7.031160000000002	7.35802
TIMM23B	4.95991	5.5076	4.4578	2.59292	1.75653
PCDHB2	17.9987	14.0964	12.3579	6.713660000000001	6.912539999999999
THSD7A	0.251047	0.373205	0.584186	0.180463	0.103436
LAMB3	0.963652	1.01122	1.31462	0.248897	0.506161
PALM2	0.8160430000000001	0.996661	0.7394149999999999	0.335279	0.385252
TAGLN2	274.353	263.909	300.443	117.247	149.609
C10orf55	1.59951	0.952268	1.15736	0.2135	0.253644
LYPD1	11.888	8.29042	11.8543	3.77006	5.01551
MAB21L3	13.2096	11.734000000000002	10.6351	5.05202	6.0019300000000015
ZNF383	1.96754	2.3891400000000003	1.93141	0.86019	0.6550819999999999
SNORA32	155.49	274.882	98.1222	47.0622	46.5926
NHLRC1	1.35024	1.79026	1.7573900000000002	0.510845	0.6068979999999999
BHLHE40	17.3811	13.6154	16.0168	6.27109	8.24353
PDE1C	0.384643	0.838404	0.5820390000000001	0.076308	0.117607
FOS	6.50156	3.64371	3.26122	1.91737	1.79833
AXL	37.592	35.54	32.8763	16.9634	16.9371
INHBA	5.12334	1.64677	2.03372	1.00044	1.13903
HSD3BP4	0.332425	0.382194	0.326768	0.16253199999999998	0.0689615
RNF25	23.1239	20.8319	19.9951	8.863660000000003	11.2927
ZNF614	7.96428	7.09443	6.36661	3.5496800000000004	3.20867
WHAMM	5.6523900000000005	4.7046199999999985	5.09698	2.37712	2.29992
MAP3K14	7.22892	5.77222	3.28931	1.98069	2.16615
CAV2	7.44641	8.73456	9.25461	3.4632400000000003	4.65796
NUP35	27.8081	23.1503	22.7811	11.4211	11.988
MIS12	12.2959	12.1773	11.0494	5.318219999999998	5.6535400000000005
GNAT2	1.3092700000000002	0.81161	1.15081	0.25475	0.168139
ARID5B	0.859656	0.721491	0.572477	0.202371	0.328614
IER3	35.3182	25.5677	23.0151	12.3709	13.5665
KIAA0825	1.88257	1.71117	1.58731	0.728594	0.804555
GATA2	2.10048	2.0359	1.09941	0.646526	0.7680899999999999
SGMS2	0.680301	0.637126	0.25016900000000003	0.15426900000000002	0.147801
KLF6	18.719	14.7771	13.361	7.2219	7.816969999999999
ACTC1	23.5595	28.87	43.3644	8.36473	14.8
KLF7	8.7297	8.70551	7.816039999999999	3.75606	4.455
DSG3	1.13725	1.05746	1.19183	0.387237	0.5659310000000001
LTBR	9.24977	7.15314	8.096680000000001	3.91738	3.08671
RNF19B	26.2478	22.5313	20.4412	11.9522	10.5142
GNA15	0.987111	0.75146	0.491777	0.094348	0.186813
ZNF675	8.2858	7.57205	8.56082	3.29464	4.3328
F5	0.423463	0.221668	0.40084	0.0659157	0.163145
PGF	12.5518	10.1206	7.1652	4.2163	5.06721
NEXN	3.98981	3.25346	5.32238	2.00946	2.15194
SYT16	0.666389	0.678283	0.700876	0.235312	0.166403
ZSCAN12	5.91651	5.72347	4.08092	2.27193	2.57636
SNORD38B	2399.06	385.56	378.482	0.0	0.0
SPRY4	67.3076	61.9649	48.1513	28.5196	29.3639
IL6ST	1.73115	1.77453	1.55348	0.6028720000000001	0.957226
PGM5P2	17.8102	11.548	12.0918	6.07838	6.79065
OTUD6B	10.9359	10.4247	10.1322	4.80936	5.27537
DIEXF	3.7105	3.42624	3.23923	1.8453	1.50866
LOC642236	9.51724	8.45275	8.653189999999999	3.41122	4.3903300000000005
SNHG1	178.42	149.252	114.916	72.8062	71.2255
LOC100288181	0.871865	0.917149	0.48767	0.0719693	0.106877
FLJ32255	0.55248	0.696666	0.603421	0.115767	0.152816
SNORD81	0.0	0.0	0.0	0.0	0.0
PSD	3.5527300000000004	3.20202	3.53091	6.753989999999999	5.9756800000000005
TMEM44	3.09269	3.7586	4.41632	7.99787	8.691510000000001
TNNI3	13.2937	14.6266	11.7769	31.2603	25.2796
ADAMTS8	3.26477	3.4811300000000003	3.62523	8.038210000000001	6.71633
ADARB2	0.290553	0.191028	0.225025	0.515659	0.664855
APC2	0.3275	0.336854	0.21700300000000006	0.693871	0.6476930000000001
SH3GLB2	12.1859	13.9862	17.6013	30.9148	30.355
CACNB3	3.39088	5.03149	4.51864	9.21894	8.39895
ASS1	17.7077	20.1857	17.8221	42.572	34.6277
TIGD3	0.739483	0.950757	1.1666299999999998	2.07033	2.99141
NEIL1	2.04517	3.02572	2.2361	6.00062	5.21678
DHRS12	1.48466	1.81268	3.2988	6.3657900000000005	5.21195
LOXL2	9.87687	11.5276	12.4561	23.7878	22.4948
PDK1	3.97271	4.46792	5.23186	11.7393	9.74288
ZNF395	8.950460000000003	9.86044	11.2442	21.3363	20.1044
PSMB9	2.18686	2.48087	2.31357	6.65791	5.31944
ARSA	2.1591	2.064	1.72517	4.50695	4.17991
DEGS2	0.452026	1.13329	0.427878	2.87311	1.6254
SCGB1B2P	3.00014	1.84098	3.87254	8.17247	8.58129
LYRM9	0.595178	0.90187	0.724348	2.54773	2.14014
TMEM249	1.51173	1.3449799999999998	1.77312	4.55023	4.3474
ESYT2	14.3638	14.4513	13.1676	31.1407	27.0123
FAXDC2	1.78835	1.42456	1.6560099999999998	4.73032	2.97064
PRSS12	2.18713	2.20487	1.78798	4.852	4.17801
GPR64	3.15834	3.98053	4.04555	9.11005	6.84888
NBEA	1.09424	1.40047	1.47834	2.85503	3.26276
PHF7	3.81272	3.62757	2.59241	7.66592	7.1806899999999985
UROS	7.2698800000000015	8.831010000000003	10.7244	20.4892	18.757
MOCOS	1.50631	1.494	1.83322	3.47798	4.06229
ABAT	0.746109	0.691991	0.579699	1.7324	1.52627
GALT	8.64905	7.1917100000000005	8.04423	17.8575	15.7667
R3HDM2	7.9495	9.83187	9.46054	19.4317	17.9691
ECEL1	3.63814	4.0450800000000005	3.93265	8.93657	7.614560000000001
KIAA1462	0.274574	0.4259270000000001	0.259905	0.943063	0.622436
PSKH1	6.42828	6.93354	9.62913	17.1498	15.2808
LINC00173	3.1263	4.14817	5.70124	7.5922100000000015	6.5297800000000015
KIAA0895L	5.02833	4.91423	6.75363	13.0803	10.9646
PIP5KL1	2.19148	2.20981	4.18717	7.881769999999999	6.03866
KCNQ2	25.2747	29.6036	39.9273	69.819	65.9038
TMEM91	4.34028	4.9560900000000006	5.76922	13.2962	12.272
SEMA3G	0.193214	0.442491	0.274338	1.20615	0.629625
TMEM143	4.14152	4.96637	6.08143	11.378	10.4053
CERCAM	3.61984	2.97017	3.57944	8.14461	6.60553
CDH15	0.163591	0.118311	0.193565	0.816984	0.625007
ATHL1	3.86283	4.7842	5.09893	10.2007	9.4936
DACT3	2.02304	2.3488900000000004	2.93107	6.74795	4.3795199999999985
SUSD3	3.48878	1.97369	3.46697	8.944939999999997	5.54521
ATP2A3	8.62066	10.1419	12.8631	23.3218	21.4108
PPP1R13L	12.0623	12.6001	13.884	28.9334	25.0654
AMPH	0.631297	1.2175	0.863168	2.10184	2.30158
RASGRP2	4.26821	3.5913	3.92893	8.60159	7.98635
CORO6	0.445619	0.5251899999999999	0.5624170000000001	1.52859	1.46883
KCNH2	4.28733	5.18772	4.38446	10.5838	8.822339999999997
EPHX2	1.0148	1.81494	1.94419	3.64412	3.91153
FBXL7	5.50024	6.4557	5.91315	13.2824	11.9024
COL11A2	0.754323	0.969229	0.918752	1.90354	1.38764
C15orf27	0.296809	0.286206	0.515079	0.988186	1.37855
CALCOCO1	2.52498	4.67899	4.45971	9.8629	7.41661
LOC728392	4.63287	4.7922699999999985	5.66111	13.5379	9.54099
SYNE1	0.07575169999999999	0.08842439999999999	0.0717048	0.204047	0.191377
CCDC159	0.379179	0.853146	1.55533	3.32821	2.27242
C16orf96	0.5392170000000001	0.714938	0.957019	2.23387	1.5450700000000002
L3MBTL1	1.65488	2.29936	1.95014	4.916930000000002	3.55426
LIN7A	1.4815200000000002	1.4286	1.30221	4.03571	4.1857
AMN1	0.686439	1.27681	1.35858	2.61652	3.27652
CPXM1	15.2293	16.7358	16.8391	34.7119	34.7212
S1PR5	2.0242	1.56785	1.98007	4.48038	4.2558099999999985
FBXO41	3.35904	3.67507	3.68404	8.41693	6.80863
IDUA	0.702271	0.677185	0.6634329999999999	2.30542	1.79653
NCAPG2	13.3154	15.2629	14.3172	32.5723	28.4421
ZDHHC1	1.14296	1.33416	1.25272	3.16807	2.64977
GAS6	6.69936	7.9569100000000015	6.67651	16.7218	14.9996
EML3	4.27078	5.28505	6.80508	12.5063	11.0377
CLIP3	7.553910000000001	6.8985699999999985	6.8902100000000015	15.8942	14.5366
LGALS3BP	12.094	14.4629	16.0971	32.5608	28.2955
PEX11G	1.55029	1.42441	1.86435	4.02386	4.42637
ZNF185	2.67108	3.09052	3.20055	6.43306	6.46465
NRBP2	2.40683	2.58865	3.59263	6.78043	6.102530000000002
A2ML1	1.69695	2.85973	2.12208	5.1447	4.52046
CHRD	0.654718	0.441931	0.4648060000000001	1.36733	1.41254
SLC25A42	1.31081	2.5279700000000003	2.48156	5.1791	4.61786
MEGF10	1.88528	2.35347	2.78063	5.89899	4.42748
AOX1	0.50516	0.5978220000000001	0.456437	1.3969200000000002	1.21785
SDK2	0.8568950000000001	0.895971	1.18247	2.47482	1.884
MVB12A	16.6868	20.9603	22.5499	45.555	43.028
LGI4	3.27693	2.65274	3.29334	8.632589999999999	5.96433
GSTA4	3.15128	4.05162	4.2484199999999985	8.15064	9.35697
FCRL5	0.104794	0.18189	0.0991951	0.399913	0.564678
AGRN	34.2747	39.7839	44.7544	88.9214	79.3308
AHRR	0.422105	0.4651770000000001	0.742047	1.84344	0.957691
ENOX2	2.1299900000000003	2.60976	2.92415	5.56606	5.75064
PRDM14	43.8389	48.5355	52.6395	105.274	100.21
PABPC5	0.435277	0.613449	0.824046	1.64175	1.62537
PNKP	13.1698	14.6319	17.8863	37.3048	31.2704
SHISA8	0.452026	0.523055	0.684604	1.88804	1.8692
SEC31B	0.32024	0.5463399999999999	0.396403	1.29733	0.930074
WNT4	0.26405500000000004	0.141457	0.166632	0.825857	0.474745
APLP1	5.37346	4.52194	4.85727	12.9232	8.96466
CPNE9	0.529664	1.4187299999999998	1.4484	3.90096	2.75104
MXD3	59.1937	54.27	51.7386	43.6073	47.2475
FILIP1	1.65379	2.08748	2.4860900000000004	3.64194	4.8757
PDE3A	0.627232	0.324541	0.333064	1.2363	0.948918
LOC101926975	1.07083	0.826061	0.810897	2.47942	2.11777
CPT1C	8.36642	9.87064	11.1433	23.8959	19.1093
CTC-338M12.4	3.4892800000000004	4.01169	4.70025	11.9421	9.41007
YPEL2	0.388735	0.416498	0.38841	1.0001	1.08719
SEPP1	3.04662	3.5053300000000003	5.8341699999999985	8.93737	8.91028
MST1P2	0.669716	0.516634	0.84525	1.5	2.32789
KDM4C	5.8939	6.69969	6.2791	14.7172	12.1688
IGF2BP3	17.3243	22.8211	20.8428	48.6627	39.0699
ACACB	1.45264	1.45863	1.60232	3.80442	2.8923
AMN	0.56175	0.541683	1.2154	2.4775	2.09208
PAQR8	1.07772	1.27016	1.60956	3.32717	2.73421
FAHD2B	5.42363	7.302110000000001	6.29627	14.0308	14.9947
ITGA2B	0.86729	1.27119	1.21502	3.52803	2.33895
NEB	0.404658	0.292656	0.46872	0.98628	0.914211
C16orf58	14.2753	16.2535	19.3038	38.6973	33.2978
TTLL3	0.7960020000000001	1.04644	0.6767920000000001	2.91297	1.72592
TMEM187	0.4453	1.43131	1.05378	3.16731	2.7354
LMF1	3.17217	2.97165	4.124630000000002	8.19928	7.482289999999999
JAKMIP3	0.276479	0.183289	0.278065	0.957112	0.481548
LMOD1	0.288561	0.723458	0.628234	1.78171	1.21919
TCP11L2	0.643135	0.413438	0.913292	2.46858	1.7975599999999998
GSN	8.14825	8.35271	7.983219999999998	20.3703	15.8577
ESPNP	0.239826	0.289073	0.283767	1.25214	0.700671
TTC31	6.63449	7.1086100000000005	8.089839999999999	17.4611	15.0117
KSR2	0.226173	0.224325	0.293609	0.698248	0.493772
PGAP3	4.73071	5.49572	5.39542	11.3131	12.485
SZT2	0.835599	1.39866	1.23121	2.61262	2.5086
GSTZ1	12.2982	11.5619	14.9325	35.1212	24.5414
SNCB	5.88241	4.35013	5.2850199999999985	13.5028	10.3229
CHTF18	15.7647	17.1244	21.4043	41.7477	36.8327
CASC10	4.86637	5.22045	6.73685	13.8637	11.374
YPEL1	2.6348	2.87431	3.42616	6.81479	5.622330000000002
LINC00890	0.395668	0.381534	0.538387	1.10027	1.2449
EXOC3L1	1.23121	0.502287	1.43438	2.92386	2.89469
SHF	2.27003	3.14659	3.53649	6.999510000000001	6.80213
MAN2C1	6.17853	7.32826	7.10813	16.021	13.8249
PPM1J	8.70073	11.0941	9.18882	21.9382	20.2325
ABCC8	0.0690387	0.0443817	0.130701	0.459711	0.248328
RIMKLA	0.984784	1.5052299999999998	1.11067	2.73966	2.73116
TEP1	2.36016	2.27585	2.46924	5.79939	4.71792
PMAIP1	58.2399	60.2097	57.8582	141.22799999999995	114.572
TRIL	0.693772	0.8632110000000001	0.868549	2.07274	1.83076
CCDC88B	2.18738	2.81973	2.44104	6.2721	5.02971
NCALD	0.346001	0.272977	0.366523	1.14247	0.8767149999999999
FAM181B	0.327641	1.45331	1.3025799999999998	2.91551	3.06314
SCNN1A	21.7526	24.1031	26.9814	60.1908	45.9181
FAM167B	2.59873	3.89806	2.86988	8.12774	7.52751
ADAMTSL1	0.5182829999999999	0.187389	0.29917	1.13898	0.815114
ABCA2	1.33857	1.8571	1.57736	3.95635	3.217
OLIG3	0.436072	0.210247	0.980341	1.97979	1.66603
GUCY1B3	0.110081	0.17124	0.382182	0.799955	0.957928
DENND4A	0.279297	0.23484	0.374614	0.915811	0.725337
EVL	15.1137	16.7471	17.8201	37.9801	34.0258
MFSD3	25.0899	30.7689	38.1482	73.029	69.3926
C21orf58	4.5578400000000014	5.87147	7.31077	13.8181	12.7923
D2HGDH	4.4326	5.45324	6.27647	12.4199	11.2828
MYH7B	0.323379	0.180531	0.209439	0.958165	0.535502
LRIG1	26.0626	28.7842	26.79	63.2295	55.0388
ORAI3	3.11954	3.90526	3.88537	9.78976	7.379760000000001
CCDC151	0.998197	1.55076	1.6272799999999998	4.33045	3.34006
STX1B	2.35186	2.55736	3.26828	6.3838300000000014	5.89279
ATF6B	8.2833	10.2616	11.0862	23.4395	21.2462
MAGI2	1.25243	1.34885	2.1093	3.78088	3.40686
SCNN1D	0.6922189999999999	0.551091	1.04423	2.26751	1.7008900000000002
SAMD10	1.37306	1.27105	1.87158	4.28883	3.75232
ABHD3	1.57618	1.63246	1.82353	4.5585900000000015	4.0932900000000005
MARK4	6.9632	9.21664	8.98119	20.2603	17.6173
PDK3	9.40101	9.08862	10.2342	18.3789	15.7231
CSRP2	39.564	47.4631	52.1946	107.349	99.6969
FOXB1	1.81683	3.08673	3.84901	7.305810000000001	7.23292
DENND1A	3.64169	5.05152	5.0472	9.47784	9.68177
THBS4	2.16017	2.77734	3.3057	6.86509	5.92274
GIPC3	0.580814	0.407321	0.599766	1.74996	1.13918
SFRP1	20.0208	21.9092	18.4449	47.2286	41.2161
ADAMTS7	5.36155	6.1208300000000015	7.03905	15.3325	12.4649
GNAO1	7.40805	8.89822	8.461219999999999	18.7777	17.680999999999994
PLP1	23.2135	28.9924	34.2384	65.9057	62.4225
ST3GAL3	0.6977770000000001	1.49812	1.86108	4.10912	3.59535
NDRG4	5.31199	6.66943	7.11866	17.0346	12.8783
H6PD	1.86443	2.38079	2.09936	5.24474	4.33175
FRMPD3	0.412938	0.619402	0.781755	1.7081099999999998	1.33361
FOXN4	0.10348	0.0665221	0.130602	0.438483	0.5891460000000001
RET	1.52576	1.64963	2.18486	4.82491	3.8283
KATNAL2	0.619534	0.358442	0.547341	1.50012	1.5594
NMRK1	1.41632	1.6921400000000002	1.89723	6.3295	4.49802
MST1	0.714693	0.590711	0.8214790000000001	2.22497	1.7438599999999995
CADM3	1.2946	0.975844	1.04162	2.56671	2.26636
MCCC1	3.21417	4.04263	4.1448	9.64372	8.29125
SGSM2	6.819560000000001	8.39555	9.88977	20.1287	18.0763
SCNN1G	4.71249	3.36839	1.96522	13.1362	8.7392
DICER1-AS1	1.08745	1.92244	1.7155900000000002	4.2788	5.21367
NAALADL1	0.0874614	0.210843	0.206972	0.873574	0.5503640000000001
NTNG2	0.488949	0.544018	0.462828	1.60512	1.251
ZNF837	1.7217900000000002	2.36442	2.32102	5.99684	4.62327
RYR1	1.03771	1.09036	1.25327	2.76678	2.36762
HTR6	0.306929	0.32885	0.6133460000000001	1.39347	1.19563
NOXA1	0.30841	0.395236	0.326014	1.25093	1.38646
LOC283070	0.983093	0.473987	1.7680900000000002	3.3921	2.8280000000000003
ABCA3	2.21607	2.72414	2.61009	7.03505	4.83586
CLDN3	20.4974	22.6027	23.8207	54.6376	46.7038
EMID1	2.79713	2.47701	2.26943	6.84225	5.37159
WDR86	4.4082	6.04162	6.76996	14.6148	13.2721
GSAP	0.0356365	0.06872710000000001	0.134931	0.550092	0.576638
FAM57B	14.4985	15.5679	15.9414	37.5973	33.6932
DNM1	9.50651	10.5683	10.2887	24.71	21.0544
DOC2A	7.46667	9.67942	8.754760000000001	11.8243	13.2387
MYCBPAP	0.072729	0.140262	0.103265	0.660387	0.457658
COL4A6	2.07746	2.46774	2.67525	5.77345	5.15143
ATP12A	0.185445	0.208697	0.26334	0.8702979999999999	0.750438
EVI5L	3.29791	3.39421	4.8582	10.0954	8.260710000000001
NRN1	0.08018639999999999	0.0657258	0.455436	1.38288	1.08112
NRN1L	2.53038	5.61198	5.02992	12.1773	13.4207
NRSN1	2.85744	1.47269	1.49229	5.99437	4.03019
ACADVL	29.4566	34.9512	37.639	86.23299999999998	75.863
LOC101927248	0.69828	1.34667	1.08589	3.53254	2.37636
RNF125	3.3431900000000003	4.0895800000000015	4.01451	9.8702	7.590689999999999
SEMA4G	0.90553	1.69648	2.10615	4.32259	4.16906
SLIT3	0.0798487	0.110046	0.226943	0.4976640000000001	0.379776
MTMR9LP	1.58776	2.32126	2.90891	6.32488	6.35386
LAMB2P1	0.324356	0.234577	0.153514	1.61985	1.09342
NDRG2	2.51023	3.58859	4.66314	9.86632	7.7252100000000015
TRIM38	0.90072	0.772039	0.985227	2.14462	2.24917
LAMB2	9.41706	11.3975	12.674	26.3385	24.4732
REEP6	10.9598	9.04575	11.1656	25.4694	22.4599
OBSL1	53.2829	58.6202	60.5221	138.357	112.724
PFKFB4	3.73405	5.16201	6.1620300000000015	11.7919	11.6149
PTPN5	0.88926	0.553983	1.47004	3.38281	2.33906
DNASE1L1	2.17508	2.24087	2.42428	5.89769	5.158530000000002
MYB	1.7008900000000002	1.76216	1.69235	4.11786	4.17858
TMEM151A	0.653552	1.08035	0.7953899999999999	2.67044	2.26611
C1QL1	4.94296	5.25111	4.9168	13.3887	10.3932
ILDR1	0.950468	0.533402	0.52361	2.02738	1.95066
HSPA12B	0.7376659999999999	0.889598	0.8034060000000001	2.41376	2.02253
KCNC3	1.64263	1.43346	1.74275	4.80342	3.3956800000000005
TMEM8B	3.07412	3.84396	3.2543900000000003	10.1334	7.5884399999999985
SLC29A4	4.4881400000000005	4.48624	6.05055	12.5237	11.345
GPR137B	2.89471	2.56344	2.62823	7.56343	6.16031
SCRN2	10.3848	12.4257	14.1287	32.7238	27.42
ARSD	1.54843	1.93475	1.71344	4.91107	3.54852
GANC	0.916861	0.716845	1.05553	2.56506	2.11622
TTLL1	1.66192	1.53578	1.76978	5.1559300000000015	3.98398
PAOX	1.40395	1.68733	1.6885	4.49887	3.72059
GOLGA2P5	1.92926	2.37463	2.8011	6.3746	5.73321
BZRAP1	0.415697	0.572647	0.64645	1.68265	1.20116
EFS	6.95062	8.36943	9.91486	21.7679	17.4142
NECAB3	5.60465	7.08297	8.77253	18.8754	16.0099
PDZD7	0.828477	0.947255	1.07356	2.47495	2.10917
SLC17A7	0.352546	0.226635	0.25955300000000003	1.3516	0.809909
PCCA	4.24942	4.75796	6.96323	14.2261	11.5399
SESN3	2.69149	3.00434	2.89258	6.95817	6.5823399999999985
PRKCB	2.33736	3.38142	2.80696	6.79754	5.37052
ACCS	0.74987	0.584994	0.8600770000000001	2.41445	2.1316900000000003
NPAS1	3.54262	4.32702	4.1917	11.8483	8.43928
CLTCL1	1.45921	1.85668	1.76099	4.28925	4.12511
APLN	1.72585	2.18426	2.14416	4.96244	5.04221
SRCRB4D	5.0077	5.87506	6.04372	14.8158	12.9423
SMOC2	1.11824	1.0783200000000002	0.846794	3.3508	2.23786
MROH1	4.62027	6.16834	4.3293800000000005	10.8048	8.753910000000001
ADA	9.48422	8.120510000000001	9.13232	23.4596	21.0206
COL4A5	4.37564	5.71446	5.37723	13.1058	11.4913
ARHGAP33	5.70162	7.24441	8.92406	18.9714	15.8502
ANO9	1.58546	1.37202	1.11595	4.4295800000000005	2.96014
TMC4	1.53813	1.4831299999999998	1.86545	5.28105	3.93207
SLC22A31	1.11465	1.7070900000000002	2.35847	5.71547	3.94912
OPRL1	0.685984	0.554541	0.783593	2.6118200000000003	1.42109
CTSV	8.61567	9.04222	9.08297	23.5231	18.5158
LRAT	5.16967	8.94171	8.711730000000001	18.6291	22.382
PPP1R1B	3.35684	2.9483	2.71256	7.695089999999999	7.483860000000001
THSD4	0.801566	0.7495109999999999	0.931052	2.27171	1.7796
ALDH1L2	0.518141	0.632224	1.10706	1.89536	2.06436
RHBDL1	2.42375	3.13898	3.18148	9.05036	7.456
SLC18A2	0.8585	0.770741	0.924724	2.20418	2.55475
GAS1	0.662096	0.798056	1.01843	2.44233	2.30636
NFATC4	4.98574	5.27422	6.20897	14.1532	11.5089
CYB5D2	4.7504	4.41249	4.065	12.3847	10.405
OBSCN	1.41698	1.92631	1.88251	4.53726	3.83171
DAPK2	0.403156	0.17278	0.127206	0.8948360000000001	1.12752
FAM184A	1.27216	1.22671	1.44503	3.23437	3.5833
OPLAH	3.62992	3.71902	3.94603	9.75925	8.99906
LOC100506100	2.04257	1.9696	1.65724	6.6238199999999985	9.18083
GATS	2.55305	2.39005	2.8045400000000003	6.99268	5.69294
ENTPD8	0.113877	0.0	0.356527	1.22146	0.774288
PANX2	3.16915	4.52205	5.09194	11.271	10.0316
DBP	4.39185	5.86379	4.7967900000000006	13.8654	11.1153
DGKQ	2.47065	3.4910300000000003	3.79742	8.662519999999999	7.60853
DNHD1	1.51515	1.43096	1.00275	2.6359	2.27809
ACADS	3.6764	4.52302	5.09999	12.3744	10.4275
KDM6B	3.39126	4.5427300000000015	6.1988	14.7291	11.7288
AK7	0.0701451	0.304377	0.232392	0.987233	0.756683
CPAMD8	0.995005	1.01377	1.0307	2.91498	2.31209
PARP10	0.982966	0.758282	1.20959	3.71893	2.09127
ADHFE1	0.128422	0.0619171	0.243122	1.3993	0.865834
XKR5	0.55602	0.781891	0.7894680000000001	2.27192	1.64529
C1RL	1.32586	1.73745	1.67337	3.98212	4.49249
HSD17B8	1.92159	1.9853	3.89772	9.22265	7.03305
TLE6	1.00653	0.970572	1.1973	4.37219	2.48892
TJP3	10.4997	10.4129	12.3773	30.1962	23.3785
NRXN1	1.53131	1.57846	1.41474	3.63402	3.17277
FAM149A	1.29543	2.05754	2.15878	5.4638	4.41191
SEMA5B	4.16746	4.0767	3.71343	11.8986	7.62121
RASSF4	2.51196	2.83355	2.73667	7.14389	6.5187300000000015
RTBDN	0.8555889999999999	1.71515	1.99594	5.38588	4.266769999999998
IGDCC4	0.553222	0.766849	0.916418	2.182	1.84941
NXPH3	0.751255	0.4503140000000001	0.461267	1.71458	1.38719
TCIRG1	4.2713	5.3901	6.13821	13.9522	12.1454
ASIC3	0.16037	0.431313	0.404833	1.60195	1.58792
CCL26	0.606403	2.92371	4.59206	8.80992	13.083
MPND	6.62502	6.3394900000000005	7.35976	18.5705	16.7706
CLYBL	2.4491	2.36745	2.50718	8.565760000000001	6.2786800000000005
SFI1	1.8036	2.02126	3.1034900000000003	6.222	6.1786699999999986
PRR24	7.86457	9.99808	8.691939999999999	24.2433	22.6496
TP73	1.93311	1.60451	1.7908400000000002	4.69136	4.03449
IDH2	31.0829	40.0892	42.8907	93.1905	91.3566
COL6A1	42.8564	50.2051	58.7415	130.27700000000002	116.718
NPHS1	0.337925	0.521365	0.255897	1.391	0.951835
ACAD10	3.04409	3.68259	3.2373	9.54054	7.58357
CACNG6	3.00898	3.28986	1.12942	6.797810000000001	7.66247
LTBP4	11.2338	10.8004	11.0649	30.3888	23.8308
LRRTM3	0.055714199999999985	0.107448	0.123055	0.522753	0.383979
KCNG3	1.30169	1.83897	1.7694900000000002	5.11259	3.58639
MMP11	2.79769	2.59595	3.5476300000000003	9.39443	6.45354
SEC14L5	0.416841	0.56943	0.624739	1.7820900000000002	1.31152
SLC2A4	1.40109	0.746627	0.8376239999999999	2.97963	2.81732
KCNH6	0.887216	0.900892	0.6785479999999999	2.46917	2.23577
TBX6	0.747421	0.6552020000000001	1.28635	3.5784199999999995	2.50433
GALNT18	1.87941	2.17473	1.82348	5.63152	4.98401
RAB26	1.60574	1.91704	3.25705	6.1098300000000005	6.73624
DQX1	0.446845	0.6032350000000001	0.253784	1.7041	1.44609
FAM95C	2.99783	3.52841	4.17306	10.0076	8.48102
ACBD4	3.68508	4.12997	6.570689999999999	13.0654	11.4751
PC	1.91454	2.42479	2.97534	6.9017800000000005	5.75403
CD37	0.756238	0.20835	0.715837	2.25621	1.59697
BAHCC1	0.30148400000000003	0.50875	0.305762	1.28076	0.861453
CRTC1	1.82053	2.70315	2.69928	6.99258	5.48901
LHPP	4.46635	4.171130000000002	5.48245	14.5124	10.8745
FMO4	0.336687	0.16233	0.424934	1.57953	1.46288
MAP2K5	4.12791	5.98318	6.79512	15.4355	14.3755
SNTA1	6.15097	5.93124	7.265919999999999	16.4785	16.3597
TM7SF2	9.81567	13.0412	18.0747	42.8378	37.1522
PTCHD2	1.04035	1.23308	1.31303	3.5424300000000004	2.82515
MCF2L	1.2234200000000002	1.6516	1.47239	4.00755	3.755
KIFC2	2.17597	4.19648	4.01815	11.9196	9.84458
KCNAB2	0.719654	0.965434	1.03667	2.52853	2.7002200000000003
FAM132B	0.241476	0.310467	0.495248	1.7541	1.08538
NKD1	0.459253	0.492053	0.6762279999999999	1.83019	1.23854
P2RX2	1.25282	1.0246	1.41883	4.3922300000000005	3.68499
CRAT	4.28061	4.53495	5.93412	13.8319	11.542
SMIM14	4.18186	7.1288399999999985	7.42209	17.0194	14.6343
SYCE1L	0.970829	2.19709	1.22357	5.89375	6.38071
PPM1M	1.60053	2.3641	2.86901	7.46996	5.37485
SLC27A1	1.98136	2.09851	1.99849	6.42955	4.78865
ATP11A	10.1621	11.5791	10.9436	31.8178	23.6727
CTDSP1	6.98075	9.53935	9.50874	22.7565	20.9956
KPTN	8.43867	9.08909	11.2738	25.6099	24.1471
ERO1LB	0.380612	0.5181399999999999	0.402664	1.30108	1.42898
SLC22A18	0.73144	1.4897	2.38622	6.64651	4.75236
PPOX	4.2605	5.90721	5.71725	15.0879	14.2435
THBS2	2.73523	2.54531	3.31334	7.93716	7.1186
ABCA7	2.64326	3.4037300000000004	3.24801	8.586730000000001	7.95498
SNCAIP	1.01945	1.1427	0.949208	2.83481	3.2823900000000004
RBBP8NL	0.123907	0.159308	0.351862	0.8625659999999999	1.33663
BNIP3	25.4709	36.8416	44.9748	115.639	99.0005
PYGM	1.34711	1.47301	1.17836	4.99939	2.88951
MAP3K15	1.7407099999999998	2.12772	1.74055	3.89581	3.81285
SARDH	2.3057	2.25808	2.45534	6.86964	6.02383
CRYL1	1.42315	1.93738	1.42636	6.99325	4.2895400000000015
RALGPS1	2.11663	2.99467	2.82445	6.53885	5.901669999999998
ACSS2	1.99557	1.6224299999999998	2.37053	6.3598300000000005	5.17077
TSPAN10	0.521087	0.5024810000000001	0.430331	2.4981	1.64275
PIGV	2.82333	3.32721	3.79379	9.32129	9.2626
NOS1	0.400716	0.416126	0.554376	1.53005	1.0344799999999998
SRCIN1	0.317229	0.47414	0.510478	1.68507	1.01236
SEMA6C	2.2464	2.81318	3.85919	8.61825	7.92023
CACNA1F	0.172323	0.221559	0.253741	0.8693110000000001	0.722935
ADCK5	2.06937	1.40855	2.41971	7.46076	4.814780000000002
CNTN1	0.8859370000000001	1.01359	1.11174	2.92166	2.59425
MAPT	0.406756	0.280085	0.346522	1.23731	1.0969799999999998
CA8	0.837664	0.757257	0.892027	2.94735	2.68262
C1QL3	0.8538629999999999	0.59465	0.942954	3.23048	2.30274
ALS2CL	0.665852	0.872094	1.06806	2.8272	2.4704200000000003
ANG	2.4178	2.13622	2.26186	9.29769	12.0017
CHRNA4	0.569431	0.588314	0.750822	2.2345200000000003	1.71858
NUDT6	13.6397	10.5848	8.70754	9.65944	11.5415
PRMT8	0.0987563	0.190473	0.402367	1.34538	1.20046
CTNND2	0.761671	1.05477	1.11074	3.0865	2.70167
MSI2	5.028969999999998	8.30287	7.7293699999999985	22.9038	18.8808
AP3B2	1.1086200000000002	1.37363	1.3992	3.99563	3.98644
EXD3	3.25671	3.03514	3.08704	11.7467	7.871460000000001
PCSK4	1.43387	1.88544	2.22099	6.5887699999999985	4.33566
HPN	2.8831900000000004	3.4691300000000003	3.25013	11.805	8.408669999999999
MEGF6	1.84606	2.21429	2.25889	6.25525	5.49125
MYO7A	0.329011	0.418208	0.648259	1.40936	1.56323
DDB2	18.4269	19.934	20.6934	57.2121	52.8414
ASIC1	0.356785	0.549484	0.4755720000000001	1.78266	1.60371
GAA	12.5407	15.4786	15.9737	43.8046	36.342
TOX3	2.8663	2.7998	3.20648	8.68641	8.298689999999999
PNRC1	10.0757	12.5383	14.5992	35.8288	32.8907
STC1	4.84835	7.15528	9.17868	25.7967	20.9151
ONECUT1	0.226921	1.03937	1.18139	3.19375	3.05992
PCYOX1L	2.91467	3.3459	3.98516	10.7122	9.5656
SCNN1B	0.7713800000000001	0.743825	0.34361	3.09009	1.79477
ARHGEF25	2.7621	3.45976	3.71803	9.77089	9.06261
RASA4	1.22617	1.43437	1.06558	4.27099	3.14418
HS6ST3	0.0857271	0.137775	0.162294	0.648675	0.449542
SLITRK1	0.143441	0.0691571	0.203667	0.955757	0.494298
CRB2	1.45688	1.72388	1.36015	5.61782	3.52411
PYGL	12.6177	16.6567	19.8427	48.1879	44.8878
HCK	0.724912	1.02175	1.31997	4.14973	3.46062
DNAH11	0.269714	0.198835	0.262801	0.972168	0.7914800000000001
RGL3	6.39786	8.1857	7.927980000000002	24.5532	20.073
B9D1	8.0571	8.98532	9.46254	25.7794	27.6243
PAQR6	1.30948	1.80474	1.72533	5.84035	4.31654
MIR210HG	1.44845	2.69366	3.91735	12.4475	11.1607
KISS1R	0.840511	0.7368060000000001	1.51889	4.37101	4.12133
DEPTOR	1.25014	2.02349	1.90186	6.68923	4.57555
TRIOBP	16.4751	17.6293	19.4955	46.2998	40.4256
PLIN5	0.339776	0.234028	0.413517	2.0714900000000003	1.09086
KAZALD1	0.564067	0.498591	0.533933	2.3048	1.98602
PCSK9	39.9756	58.8204	63.315	169.264	167.972
SDK1	0.7351449999999999	1.09996	1.41362	3.66058	2.68631
PDE6B	1.34782	2.03074	1.63464	6.7369	4.37638
SLC9A3	0.895582	1.23372	1.1707	3.79505	2.37698
HID1	1.86857	2.4358	3.04617	8.51482	6.6879
KCNK12	6.58581	7.9811	10.0249	25.8594	22.1612
CYS1	0.431743	0.291424	0.122603	1.4897	1.55246
UNC5A	2.67694	1.54285	2.21355	7.6832	5.91927
PRKD1	0.250124	0.542676	0.295952	1.58981	1.40531
RAB37	1.46375	1.79643	2.26726	6.39981	5.73415
MAPK4	0.4191760000000001	0.604676	0.76027	2.69328	1.89028
MPI	5.05312	5.15174	5.9685	18.9358	14.9317
UPK1A-AS1	1.10217	1.41706	1.39105	10.0078	5.44935
TRAPPC6A	19.5316	17.4338	26.9455	72.2568	56.7967
PAPLN	1.04169	1.4695200000000002	1.78948	5.85037	3.36421
CNTNAP1	1.11689	1.15677	0.724394	3.79367	2.78897
MFGE8	106.719	121.025	122.647	363.742	315.197
PRR15	1.62058	2.27301	3.55611	9.56479	7.94631
PRELID2	0.516354	0.465859	0.554005	2.12384	1.63309
GPR153	2.04403	1.91701	3.39258	8.415560000000001	7.17373
PPFIA4	0.6280560000000001	1.42753	1.9109	7.96357	6.17017
ATP6V0A4	0.488949	0.555161	0.7992859999999999	2.43722	2.3205
WDR60	3.9563	4.81274	4.14825	14.0931	12.3931
BAIAP3	0.925608	1.70694	1.83501	6.0198	4.3052199999999985
ACOXL	2.9536	3.95837	2.89059	10.6821	10.6206
ATP1B2	3.99208	4.95411	4.436	15.7287	12.1079
FGF11	4.67026	5.50419	7.818189999999999	20.9676	17.1432
SH3D21	1.73551	3.75973	3.0515	11.3034	8.938180000000003
HMGCL	3.48553	4.77271	5.0963400000000005	15.3092	16.3467
HGSNAT	0.390131	0.8777879999999999	0.882191	2.55842	2.68876
NPNT	0.984609	1.16661	0.984015	3.66774	3.56414
SPAG4	0.7830090000000001	0.503359	1.07059	3.5549	4.1451
PLCD1	3.14528	4.14436	5.05703	13.7365	13.6564
HTR2C	0.512187	0.7055640000000001	0.842191	2.72404	2.46614
CASKIN1	8.91871	8.69546	8.21762	10.0016	11.0574
ACTN3	1.11164	1.88834	2.29242	9.98545	6.79798
FGF17	0.8532370000000001	0.411379	0.908611	4.16427	3.93096
NCR1	1.2397	1.10236	1.34111	7.64456	6.71385
FER1L4	0.400383	0.321734	0.521116	1.74202	1.45469
TMEM145	2.41288	1.59545	2.15347	7.51173	6.87902
ADCY5	1.47412	1.29891	1.88105	5.63119	5.41645
NUDT18	0.412217	0.953979	1.32666	4.56642	4.22441
SLC16A3	11.9213	16.63	23.6213	83.5126	66.7376
PLEKHG4B	3.19688	4.34167	4.5982	15.0719	12.1857
ATG16L2	2.40547	1.94194	2.32991	7.9748199999999985	7.79467
SULF1	0.365748	0.5427310000000001	0.5959760000000001	2.15837	1.8378
HHEX	0.20947800000000005	0.471323	0.859245	2.78972	3.38959
MGARP	0.57397	0.737955	0.181102	3.73505	3.09582
SYN3	2.37811	2.49554	2.41237	9.99623	7.545489999999999
TTLL6	0.234801	0.5154770000000001	0.474391	2.45732	1.7119799999999998
EBF4	0.200561	0.541511	0.531571	2.54956	2.12748
WBSCR27	6.57989	6.48905	6.5114800000000015	28.651	22.5845
MLXIPL	0.540708	1.17996	0.6825180000000001	4.46685	3.24087
GRID2IP	0.220704	0.354699	0.371401	1.87041	1.25654
HEXDC	4.35834	4.87716	5.8572	18.9077	14.4625
PLEKHB1	2.45685	2.46109	2.3256	10.099	8.73386
PCBP3	1.33578	2.0241	1.78499	6.90525	7.355860000000002
IGFBP5	0.449822	0.503154	0.562044	2.74474	1.6983400000000002
SOX21-AS1	2.30283	2.59693	2.10591	10.9865	8.10506
SMARCA2	3.5574800000000004	4.23232	3.2382	10.7589	10.2285
CACNA1I	0.313666	0.345671	0.29690900000000003	1.61737	1.18833
ADRA2A	2.1308700000000003	2.1689	2.71739	10.2386	8.11445
TFEB	0.6099289999999999	1.53324	1.57394	7.80439	4.58101
SOX21	5.45974	5.9001	7.172910000000001	29.1467	21.3245
LEPREL1	7.798260000000001	7.51968	5.97002	32.1602	25.1363
MYO15A	0.0558821	0.07184789999999999	0.0969773	0.575071	0.410254
ESPN	2.64364	4.2172	4.85034	18.3145	15.1098
C4orf47	0.8459959999999999	0.815775	1.33467	5.63326	6.21081
C11orf35	2.06385	1.769	2.2791900000000003	9.31792	6.39047
LDHD	1.14677	1.95209	1.77107	9.95025	6.67173
MIAT	7.42289	7.8204	6.6168	41.8179	26.988000000000003
SCUBE2	0.08015449999999999	0.109067	0.0535317	0.986235	0.8310350000000001
PRKCG	2.5994900000000003	3.07957	3.76123	17.2306	11.1165
ADAMTS13	0.818229	0.901795	0.88776	5.41761	3.72143
HTR1D	3.2604	5.61132	4.84419	22.8594	19.2551
MYO15B	0.649097	0.8193729999999999	0.659105	3.67563	3.10849
ATP8B3	0.510629	0.567154	0.6536649999999999	3.48768	2.94491
GALNT9	2.64946	2.76772	2.38252	15.1561	11.7895
GUCA1A	1.78838	3.26423	3.5066	19.9504	14.2968
BCL6	3.0059400000000003	2.63681	2.68957	17.9852	13.5984
POU3F4	0.166658	0.803523	0.788773	8.322989999999999	4.26979
TSGA10IP	0.7134	0.963082	0.8778739999999999	8.61539	6.47724
UPK1A	0.407411	0.7196100000000001	0.8677020000000001	10.5149	6.41284
NPTX1	6.90987	13.8663	11.8244	230.394	155.197
